2.27273 2.27273 2.27273
2.27273 2.27273 3.18182
2.27273 2.27273 4.09091
2.27273 2.27273 5
2.27273 2.27273 5.90909
2.27273 2.27273 6.81818
2.27273 3.18182 2.27273
2.27273 3.18182 3.18182
2.27273 3.18182 4.09091
2.27273 3.18182 5
2.27273 3.18182 5.90909
2.27273 3.18182 6.81818
2.27273 4.09091 2.27273
2.27273 4.09091 3.18182
2.27273 4.09091 4.09091
2.27273 4.09091 5
2.27273 4.09091 5.90909
2.27273 4.09091 6.81818
2.27273 5 2.27273
2.27273 5 3.18182
2.27273 5 4.09091
2.27273 5 5
2.27273 5 5.90909
2.27273 5 6.81818
2.27273 5.90909 2.27273
2.27273 5.90909 3.18182
2.27273 5.90909 4.09091
2.27273 5.90909 5
2.27273 5.90909 5.90909
2.27273 5.90909 6.81818
2.27273 6.81818 2.27273
2.27273 6.81818 3.18182
2.27273 6.81818 4.09091
2.27273 6.81818 5
2.27273 6.81818 5.90909
2.27273 6.81818 6.81818
3.18182 2.27273 2.27273
3.18182 2.27273 3.18182
3.18182 2.27273 4.09091
3.18182 2.27273 5
3.18182 2.27273 5.90909
3.18182 2.27273 6.81818
3.18182 3.18182 2.27273
3.18182 3.18182 3.18182
3.18182 3.18182 4.09091
3.18182 3.18182 5
3.18182 3.18182 5.90909
3.18182 3.18182 6.81818
3.18182 4.09091 2.27273
3.18182 4.09091 3.18182
3.18182 4.09091 4.09091
3.18182 4.09091 5
3.18182 4.09091 5.90909
3.18182 4.09091 6.81818
3.18182 5 2.27273
3.18182 5 3.18182
3.18182 5 4.09091
3.18182 5 5
3.18182 5 5.90909
3.18182 5 6.81818
3.18182 5.90909 2.27273
3.18182 5.90909 3.18182
3.18182 5.90909 4.09091
3.18182 5.90909 5
3.18182 5.90909 5.90909
3.18182 5.90909 6.81818
3.18182 6.81818 2.27273
3.18182 6.81818 3.18182
3.18182 6.81818 4.09091
3.18182 6.81818 5
3.18182 6.81818 5.90909
3.18182 6.81818 6.81818
4.09091 2.27273 2.27273
4.09091 2.27273 3.18182
4.09091 2.27273 4.09091
4.09091 2.27273 5
4.09091 2.27273 5.90909
4.09091 2.27273 6.81818
4.09091 3.18182 2.27273
4.09091 3.18182 3.18182
4.09091 3.18182 4.09091
4.09091 3.18182 5
4.09091 3.18182 5.90909
4.09091 3.18182 6.81818
4.09091 4.09091 2.27273
4.09091 4.09091 3.18182
4.09091 4.09091 4.09091
4.09091 4.09091 5
4.09091 4.09091 5.90909
4.09091 4.09091 6.81818
4.09091 5 2.27273
4.09091 5 3.18182
4.09091 5 4.09091
4.09091 5 5
4.09091 5 5.90909
4.09091 5 6.81818
4.09091 5.90909 2.27273
4.09091 5.90909 3.18182
4.09091 5.90909 4.09091
4.09091 5.90909 5
4.09091 5.90909 5.90909
4.09091 5.90909 6.81818
4.09091 6.81818 2.27273
4.09091 6.81818 3.18182
4.09091 6.81818 4.09091
4.09091 6.81818 5
4.09091 6.81818 5.90909
4.09091 6.81818 6.81818
5 2.27273 2.27273
5 2.27273 3.18182
5 2.27273 4.09091
5 2.27273 5
5 2.27273 5.90909
5 2.27273 6.81818
5 3.18182 2.27273
5 3.18182 3.18182
5 3.18182 4.09091
5 3.18182 5
5 3.18182 5.90909
5 3.18182 6.81818
5 4.09091 2.27273
5 4.09091 3.18182
5 4.09091 4.09091
5 4.09091 5
5 4.09091 5.90909
5 4.09091 6.81818
5 5 2.27273
5 5 3.18182
5 5 4.09091
5 5 5
5 5 5.90909
5 5 6.81818
5 5.90909 2.27273
5 5.90909 3.18182
5 5.90909 4.09091
5 5.90909 5
5 5.90909 5.90909
5 5.90909 6.81818
5 6.81818 2.27273
5 6.81818 3.18182
5 6.81818 4.09091
5 6.81818 5
5 6.81818 5.90909
5 6.81818 6.81818
5.90909 2.27273 2.27273
5.90909 2.27273 3.18182
5.90909 2.27273 4.09091
5.90909 2.27273 5
5.90909 2.27273 5.90909
5.90909 2.27273 6.81818
5.90909 3.18182 2.27273
5.90909 3.18182 3.18182
5.90909 3.18182 4.09091
5.90909 3.18182 5
5.90909 3.18182 5.90909
5.90909 3.18182 6.81818
5.90909 4.09091 2.27273
5.90909 4.09091 3.18182
5.90909 4.09091 4.09091
5.90909 4.09091 5
5.90909 4.09091 5.90909
5.90909 4.09091 6.81818
5.90909 5 2.27273
5.90909 5 3.18182
5.90909 5 4.09091
5.90909 5 5
5.90909 5 5.90909
5.90909 5 6.81818
5.90909 5.90909 2.27273
5.90909 5.90909 3.18182
5.90909 5.90909 4.09091
5.90909 5.90909 5
5.90909 5.90909 5.90909
5.90909 5.90909 6.81818
5.90909 6.81818 2.27273
5.90909 6.81818 3.18182
5.90909 6.81818 4.09091
5.90909 6.81818 5
5.90909 6.81818 5.90909
5.90909 6.81818 6.81818
6.81818 2.27273 2.27273
6.81818 2.27273 3.18182
6.81818 2.27273 4.09091
6.81818 2.27273 5
6.81818 2.27273 5.90909
6.81818 2.27273 6.81818
6.81818 3.18182 2.27273
6.81818 3.18182 3.18182
6.81818 3.18182 4.09091
6.81818 3.18182 5
6.81818 3.18182 5.90909
6.81818 3.18182 6.81818
6.81818 4.09091 2.27273
6.81818 4.09091 3.18182
6.81818 4.09091 4.09091
6.81818 4.09091 5
6.81818 4.09091 5.90909
6.81818 4.09091 6.81818
6.81818 5 2.27273
6.81818 5 3.18182
6.81818 5 4.09091
6.81818 5 5
6.81818 5 5.90909
6.81818 5 6.81818
6.81818 5.90909 2.27273
6.81818 5.90909 3.18182
6.81818 5.90909 4.09091
6.81818 5.90909 5
6.81818 5.90909 5.90909
6.81818 5.90909 6.81818
6.81818 6.81818 2.27273
6.81818 6.81818 3.18182
6.81818 6.81818 4.09091
6.81818 6.81818 5
6.81818 6.81818 5.90909
6.81818 6.81818 6.81818
